# Created by Octave 3.8.2, Tue Mar 07 16:07:26 2017 India Standard Time <unknown@DESKTOP-2KVM03F>
# name: login
# type: matrix
# rows: 0
# columns: 0


# name: password
# type: matrix
# rows: 0
# columns: 0


